74,17,93,14,97,47,46,13,76,84,39,29,15,38,18,58,55,82,42
17,14,76,84,39
17,93,47,46,84,15,99,82,88
21,24,69,66,23,74,17,93,13,76,84
85,89,65,13,55
52,74,17,93,14,62,97,47,85,13,76,84,39,19,29,15,38,58,86,55,82
87,69,74,24,81,19,46,44,49,84,17
39,14,13,93,85,66,29,15,52,23,97,69,84,47,87,74,53,76,62,46,49
99,55,82,42,88,89,79,65,94,64,95,26,73,98,92,22,63,21,25,44,24,69,66
98,92,22,63,21,44,81,24,69,66,49,87,52,74,17,93,14,62,97,47,46
84,93,82,85,19,74,29,52,46,14,18,38,62,47,99,97,55
49,89,88,95,87,65,81,53,92,79,66,26,44,25,64,63,69
24,69,66,49,87,74,97,85,76,84,15
22,21,47,81,87
19,29,15,38,86,99,55,88,89,79,65,94,95,26,73,22,63
74,17,93,14,62,97,47,85,13,76,84,39,19,29,15,38,18,58,86,99,55,82,42
88,89,79,94,64,95,73,22,63,25,44,81,69,66,53
23,93,46,85,38,18,58
94,64,26,73,98,92,22,63,25,44,81,24,69,23,49,87,53,52,74,17,93
55,92,89,99,18,65,21,63,58,15,29,88,64,79,98
76,82,13,73,79,88,99
84,15,58,99,88,89,79,65,64
46,85,63,52,13,22,21
88,86,92,18,38,15,73,98,65,21,29,82,64
47,13,76,39,19,38,82,42,88,79,64
89,65,64,15,82,29,94,86,99,55,79
64,81,44,55,63,82,58,22,18
13,86,99,55,42,79,65,95,73
66,49,87,53,52,74,17,93,14,62,97,47,46,85,13,76,84,39,19,29,15,38,18
38,18,58,99,82,42,89,79,65,94,64,95,73,21,44
38,99,17,19,15,97,53,76,58,18,29,13,84,93,62,52,87,47,14,86,39
79,65,95,26,98,22,63,21,25,44,24,49,87,53,74
63,21,24,66,23,87,53,52,74,93,14,46,85
25,81,69,66,23,49,87,52,74,93,46,13,76
81,62,21,47,87,66,74,44,25,92,98,22,49,69,52,46,23,14,63,93,24,17,53
86,55,82,42,88,89,79,94,64,95,73,98,92,63,21,81,69
89,65,95,98,25,24,52
73,55,25,81,88,95,98,24,94,79,23,22,69
18,58,99,55,82,65,94,22,21,25,81
81,24,69,66,23,49,87,52,74,62,47,46,85,76,39,19,29
38,18,58,86,99,42,65,94,95,26,73,98,92,63,44
93,52,13,46,21,81,97,53,47,25,74,87,24,22,49,62,44
97,46,76,29,93,58,47,53,15,14,18,13,85,84,49,38,19,39,86,74,52,87,17
14,62,47,46,13,84,39,19,29,15,38,18,58,86,99,55,82,89,79
38,98,29,26,22,15,64,99,18,73,21
87,53,52,14,85,29,99
95,26,73,92,22,63,21,25,44,81,69,23,53,52,17,14,62
42,86,88,89,98,92,82,65,29,94,58,39,73,55,19,95,22
29,86,97,55,42,84,82,58,94,15,65,18,79,99,85,38,13
85,13,76,39,19,38,18,58,86,99,55,82,88,89,65,94,64,95,26
23,21,66,53,74,98,93,52,81,25,24,49,63,73,44,26,95,94,87
52,21,44,95,24,98,64,63,69,81,26,17,49,22,66,65,87
62,97,47,46,85,84,39,19,29,15,18,86,89,79,65
25,44,81,69,23,49,87,53,52,74,17,93,14,62,47,46,85,13,76,84,39
47,58,99,55,82,88,64
89,99,42,81,95,79,65,94,25,18,64
53,14,97,47,84,15,55
84,39,19,29,15,38,18,58,86,99,82,42,88,89,79,65,94,95,26,98,92
92,81,21,49,66,89,26,65,94,73,98,87,53,64,95,24,79,25,88
47,85,29,55,42,65,64
26,92,63,44,69,23,87,53,97
74,23,19,81,47,84,76,66,29,69,62
29,13,47,93,84,81,17
22,21,25,69,49,53,52,17,93,62,97
82,42,88,89,79,65,94,64,95,26,73,98,92,22,63,21,25,44,81,24,66,23,49
13,76,84,19,29,15,38,18,58,86,55,82,88,89,79,65,94,64,95,26,73
24,66,53,17,93,97,46,85,13,39,29
13,76,39,38,18,88,94,95,73
73,92,22,23,49,87,74,17,14,97,47
25,73,52,14,21,17,23,81,66,92,98
64,95,21,44,81,23,87,17,14
94,73,92,22,81
47,76,19,87,74,24,44,39,84,53,93,49,69,85,62
55,82,42,89,65,94,64,95,73,92,22,63,44,81,24,66,23
86,84,42,92,15,98,95
58,55,64,95,98,21,81
85,82,19,55,39,74,97,46,93,29,86,84,15,58,13,99,14,18,62,17,47,52,76
49,82,66,69,95,94,65,64,98,81,79,23,42,92,22,63,26,88,73,44,24
63,98,89,95,21,92,55,26,99,18,64,73,58,82,42,22,79,65,15,94,88,25,38
73,98,25,44,24,66,23,49,87,53,74,17,62,97,47
74,47,53,52,99,55,58,46,97,18,29,62,13,76,14,19,17,86,39,38,85
58,42,79,65,64,92,24
47,15,76,82,85
26,98,63,66,49
84,38,18,99,55,82,88,79,95
89,93,88,58,39,13,18,42,15
74,17,93,62,97,47,46,85,13,76,39,19,15,38,18,58,86,99,55,82,42
21,81,24,49,53,52,17,62,47,85,76
93,87,92,26,62,23,69,98,44,74,53,22,14,81,52,66,97
76,39,53,17,19,74,84,66,85,52,44,23,46
74,17,23,24,52,63,47,97,62,81,92,49,69,25,21,85,87
15,58,88,26,73
42,79,98,44,69,49,87
76,84,39,18,55,89,95,73,98
19,18,58,42,89,65,95,26,73,22,63
87,53,52,74,17,93,14,62,97,47,85,13,84,39,19,29,15,18,58,86,99
49,87,53,17,93,14,62,97,47,46,85,13,84,19,29,15,38,18,86
13,84,39,19,38,58,86,55,42,88,79,94,64,95,26
74,62,47,46,38,86,42
49,64,23,98,66,92,88,94,42,95,87
24,69,66,23,49,87,53,52,74,17,93,14,62,97,47,46,85,76,84,39,19,29,15
64,95,73,98,22,21,44,69,87,52,14
87,24,47,15,29,17,97
58,55,42,89,98,25,24
65,39,64,42,29,82,94,89,88,76,19
63,21,44,24,23,49,53,52,74,14,97,47,85
79,94,64,95,26,73,98,92,63,21,25,44,81,24,69,23,49,87,74
46,85,13,84,39,19,86,99,55,42,88,89,79,65,94,64,95
18,29,58,86,94,65,46,84,47,38,97
46,53,47,85,93,49,86
62,29,97,19,46,66,74,76,18
14,84,39,76,97,86,93,47,29,15,74
63,21,25,44,81,69,66,23,49,87,52,93,14,62,97,47,85,13,76
46,17,53,49,23,39,97,14,85,66,76,18,47,52,19
99,73,82,65,42,94,92,86,25,26,88,89,95,64,21,22,15
22,46,25,69,74,93,66,47,21,87,14,23,63,97,62
82,76,84,15,19,47,39,42,14,29,99,88,58,97,89,79,18
53,93,14,97,85,29,58,86,55
73,98,92,63,21,25,44,81,24,69,66,87,53,52,74,17,93,14,62,97,47
26,92,44,24,23,87,53,74,97
21,44,69,87,53,74,62,85,13,76,84
89,79,65,64,95,26,73,92,63,25,44,81,24,69,66,23,87,53,52
94,55,38,99,73,92,63,88,22,98,18,26,42,82,89,19,95
82,73,94,42,19,38,39,99,65,86,55,95,89,84,18,88,64,79,29,26,92,15,58
18,86,82,98,88,55,58,64,44,95,42,65,99,21,92,81,94
44,98,63,52,21,81,24,49,87,53,26,73,22,97,25,14,74,93,17
65,86,42,18,89,82,46,29,85,84,38,47,94,99,55,19,13,64,79
92,22,63,21,81,24,69,23,49,52,74,93,14,97,85
42,88,89,79,65,95,26,73,63,44,81,24,69
95,26,73,92,63,21,25,44,81,24,69,23,49,87,53,52,17,93,62
25,44,81,24,69,66,49,53,52,74,17,93,14,62,97,47,46,85,13,76,84
94,64,95,26,73,98,92,22,63,21,25,44,24,66,23,49,87,53,52,17,93
15,29,97,14,89,42,58,18,19,13,88
82,42,88,89,79,65,94,64,95,26,98,92,22,63,21,44,81,69,66,23,49
52,17,74,92,44
21,25,81,24,69,66,87,53,93,14,97,47,46,85,13,76,84
74,47,85,15,18,58,99,82,42
81,24,69,66,23,49,87,52,74,17,93,14,62,97,47,46,85,13,76,84,39,19,29
79,94,64,26,73,63,21,81,23,87,53,52,74
79,94,64,26,73,25,81,24,69,66,23,87,53,52,74
79,94,73,25,66,52,74
14,62,97,47,46,85,13,76,84,19,29,15,38,18,58,55,82,42,88,89,79
42,88,89,82,55,81,64,26,73,92,94,79,25,63,22,24,98
53,87,13,62,66,17,93,14,52,74,85,97,49
69,66,47,85,39,29,38
63,21,81,64,73,95,87,66,93,14,23
65,82,89,19,39,55,98,84,76,38,64,18,95,99,79
86,42,88,89,79,65,95,26,73,98,92,22,63,24,69
88,79,64,73,63
23,49,87,53,52,17,93,14,62,97,47,46,85,13,76,84,39,19,29,15,38,18,58
52,74,17,93,14,62,97,85,13,76,84,39,19,29,15,58,99,55,82
81,49,74,17,13,76,84,39,29
95,81,21,52,98,53,87,44,24,94,23,73,64,69,49,25,26,63,74,66,17,92,65
21,25,92,26,64,22,95,89,98,53,63,52,44,87,24
44,22,89,64,92,82,23,21,63,55,88,24,94,95,69,98,26,79,81,66,42,65,25
42,88,89,79,65,94,64,95,26,73,98,92,22,63,21,25,44,81,24,69,66,23,49
76,39,19,29,15,18,86,99,82,79,65,94,95,26,73
26,69,81,49,21,89,95,52,65
53,52,47,76,38,58,55
92,22,63,74,93,47,85
86,99,55,42,88,89,79,65,94,95,26,73,98,22,21,25,44,24,69
76,84,39,19,29,15,38,18,58,86,99,55,82,42,88,89,79,65,64,95,26,73,98
92,22,88,64,65,42,95,86,26,44,58,99,63
85,17,66,97,53,15,47,38,29,23,14,62,84,46,93
25,93,98,26,14,21,66,73,62,44,97,92,74,87,24,52,22
87,13,85,52,47,29,74,62,24,76,23,15,93,19,53,69,39,97,46
55,42,79,65,94,95,26,22,63,21,44,81,24,66,23
23,49,87,74,17,93,47,46,85,19,18
62,97,46,85,13,76,39,15,38,18,58,86,82,42,88,89,65
52,62,19,18,86,55,82
64,94,65,55,24,88,44,86,69,99,92
85,76,84,39,19,58,86,55,42,88,89,79,65,64,95
15,38,18,82,88,79,95,73,22,63,21
39,99,46,88,84,97,58,14,29,85,55,19,76,86,17,13,62
82,73,89,22,42,26,95,98,44,55,21,92,64,24,69,25,63
89,26,73,65,66,79,55,99,63,69,82,94,81
93,97,25,63,49,46,47,13,76,87,21
21,25,44,81,24,69,66,49,87,52,74,17,93,14,62,97,47,46,13,76,84
38,82,29,85,84,46,64,39,15,58,94,42,76,79,95
19,29,38,58,86,82,42,88,89,65,94,95,73,98,92,22,63
14,62,97,47,46,13,76,84,39,19,29,38,18,58,86,99,82,42,88,89,79
97,47,46,85,13,76,84,39,19,15,38,18,58,86,99,82,88,89,79,65,94
53,17,47,93,84,39,46,85,18,15,13,23,14,76,38,87,97,62,74,52,66
13,76,84,39,29,15,38,99,82,42,88,89,79,65,94,95,73
97,46,76,39,19,15,38,86,55,89,79
84,39,18,58,86,89,65,73,92
64,76,13,15,89,73,99
46,85,76,84,19,15,38,86,99,55,42,88,79,94,64
69,66,49,87,53,74,17,93,14,62,97,47,46,85,76,84,39,19,38